1.953007e-7	0.07180171655329697	0.07180171655329697
1.998512e-7	0.061110240549354745	0.061110240549354745
2.045077e-7	0.0520108498296269	0.0520108498296269
2.092727e-7	0.04426630208183196	0.04426630208183196
2.141488e-7	0.037674872262557176	0.037674872262557176
2.191385e-7	0.03206495283015399	0.03206495283015399
2.242444e-7	0.02729041040365645	0.02729041040365645
2.294693e-7	0.023226807787554447	0.023226807787554447
2.34816e-7	0.019768220709006665	0.019768220709006665
2.402872e-7	0.01682468276075362	0.01682468276075362
2.458859e-7	0.014319436092248885	0.014319436092248885
2.51615e-7	0.012187254612914264	0.012187254612914264
2.574776e-7	0.010372542118497278	0.010372542118497278
2.634769e-7	0.008828026110065602	0.008828026110065602
2.696159e-7	0.007513510830497285	0.007513510830497285
2.758979e-7	0.006394737680311836	0.006394737680311836
2.823264e-7	0.005442532498754602	0.005442532498754602
2.889046e-7	0.0046321269412657505	0.0046321269412657505
2.95636e-7	0.003942396479300376	0.003942396479300376
3.025243e-7	0.0033553642127196865	0.0033553642127196865
3.095731e-7	0.0028557418475765625	0.0028557418475765625
3.167862e-7	0.002430511674524523	0.002430511674524523
3.241673e-7	0.002068602426760638	0.002068602426760638
3.317203e-7	0.001760585130006499	0.001760585130006499
3.394495e-7	0.0014984256738323726	0.0014984256738323726
3.473587e-7	0.0012753058456699711	0.0012753058456699711
3.55452e-7	0.001085412341002257	0.001085412341002257
3.637341e-7	0.0009237899923683953	0.0009237899923683953
3.722092e-7	0.0007862341254359289	0.0007862341254359289
3.808816e-7	0.0006691626483897619	0.0006691626483897619
3.897561e-7	0.0005695228265837991	0.0005695228265837991
3.988375e-7	0.00048471852656980217	0.00048471852656980217
4.081304e-7	0.0004125427250600839	0.0004125427250600839
4.176398e-7	0.0003511140626634029	0.0003511140626634029
4.273709e-7	0.0002988318005166117	0.0002988318005166117
4.373287e-7	0.00025433469090943925	0.00025433469090943925
4.475184e-7	0.00021646377295057945	0.00021646377295057945
4.579455e-7	0.00018423191905856054	0.00018423191905856054
4.686158e-7	0.00015679891581257826	0.00015679891581257826
4.795345e-7	0.00013345117084536952	0.00013345117084536952
4.907077e-7	0.00011357988378229659	0.00011357988378229659
5.021411e-7	0.00009666762384583578	0.00009666762384583578
5.13841e-7	0.00008227352551094429	0.00008227352551094429
5.258135e-7	0.00007002277843673443	0.00007002277843673443
5.38065e-7	0.0000595961659840631	0.0000595961659840631
5.506018e-7	0.000050722214068394135	0.000050722214068394135
5.634308e-7	0.00004316953787104977	0.00004316953787104977
5.765589e-7	0.00003674141124126835	0.00003674141124126835
5.899927e-7	0.000031270514066769035	0.000031270514066769035
6.037395e-7	0.000026614258396581336	0.000026614258396581336
6.178066e-7	0.00002265133108671541	0.00002265133108671541
6.322015e-7	0.00001927848412090536	0.00001927848412090536
6.469318e-7	0.00001640786092091227	0.00001640786092091227
6.620052e-7	0.00001396470193022393	0.00001396470193022393
6.774301e-7	0.000011885297430018317	0.000011885297430018317
6.93214e-7	0.000010115565975268017	0.000010115565975268017
7.09366e-7	8.609319659531758e-6	8.609319659531758e-6
7.258941e-7	7.327377429885812e-6	7.327377429885812e-6
7.428076e-7	6.236302991356337e-6	6.236302991356337e-6
7.60115e-7	5.307700066883961e-6	5.307700066883961e-6
7.778256e-7	4.517369809966857e-6	4.517369809966857e-6
7.959489e-7	3.844723071951997e-6	3.844723071951997e-6
8.144946e-7	3.2722311195879795e-6	3.2722311195879795e-6
8.334723e-7	2.78498743264669e-6	2.78498743264669e-6
8.528923e-7	2.370293019860625e-6	2.370293019860625e-6
8.727645e-7	2.0173525968456776e-6	2.0173525968456776e-6
8.931e-7	1.716962579673768e-6	1.716962579673768e-6
9.139092e-7	1.4613028433558872e-6	1.4613028433558872e-6
9.352033e-7	1.2437101752418046e-6	1.2437101752418046e-6
9.569935e-7	1.0585190125831469e-6	1.0585190125831469e-6
9.792915e-7	9.009018814499169e-7	9.009018814499169e-7
1.002109e-6	7.667551434454157e-7	7.667551434454157e-7
1.025458e-6	6.525835578682626e-7	6.525835578682626e-7
1.049351e-6	5.554128194415394e-7	5.554128194415394e-7
1.073801e-6	4.7270979469437696e-7	4.7270979469437696e-7
1.098821e-6	4.023211403841464e-7	4.023211403841464e-7
1.124423e-6	3.4241547132102543e-7	3.4241547132102543e-7
1.150622e-6	2.9142891071408824e-7	2.9142891071408824e-7
1.177432e-6	2.480336973074425e-7	2.480336973074425e-7
1.204866e-6	2.1110104215754127e-7	2.1110104215754127e-7
1.232939e-6	1.796677349999159e-7	1.796677349999159e-7
1.261667e-6	1.5291438781226573e-7	1.5291438781226573e-7
1.291064e-6	1.3014491922468584e-7	1.3014491922468584e-7
1.321146e-6	1.1076588825085096e-7	1.1076588825085096e-7
1.351928e-6	9.427279830364643e-8	9.427279830364643e-8
1.383428e-6	8.023530706615387e-8	8.023530706615387e-8
1.415662e-6	6.828801139292314e-8	6.828801139292314e-8
1.448647e-6	5.811971266274465e-8	5.811971266274465e-8
1.4824e-6	4.9465609265428036e-8	4.9465609265428036e-8
1.51694e-6	4.2100023752962425e-8	4.2100023752962425e-8
1.552285e-6	3.583119171894789e-8	3.583119171894789e-8
1.588453e-6	3.049584971762551e-8	3.049584971762551e-8
1.625464e-6	2.5954927277879246e-8	2.5954927277879246e-8
1.663337e-6	2.2090191262186935e-8	2.2090191262186935e-8
1.702093e-6	1.880088295798897e-8	1.880088295798897e-8
1.741752e-6	1.6001374940923048e-8	1.6001374940923048e-8
1.782335e-6	1.3618716899913882e-8	1.3618716899913882e-8
1.823863e-6	1.1590866663023953e-8	1.1590866663023953e-8
1.866359e-6	9.864954637503408e-9	9.864954637503408e-9
1.909845e-6	8.396038351508406e-9	8.396038351508406e-9
1.954345e-6	7.145834800777303e-9	7.145834800777303e-9
1.999881e-6	6.08180606399119e-9	6.08180606399119e-9
2.046478e-6	5.17621290134013e-9	5.17621290134013e-9
2.094161e-6	4.405460248373602e-9	4.405460248373602e-9
2.142956e-6	3.7494599611144e-9	3.7494599611144e-9
2.192885e-6	3.191173295200372e-9	3.191173295200372e-9
2.243981e-6	2.7159854565148175e-9	2.7159854565148175e-9
2.296265e-6	2.311572516708053e-9	2.311572516708053e-9
2.349767e-6	1.9673790941249733e-9	1.9673790941249733e-9
2.404517e-6	1.6744282606310727e-9	1.6744282606310727e-9
2.460543e-6	1.4250994702125183e-9	1.4250994702125183e-9
2.517873e-6	1.2129000989364294e-9	1.2129000989364294e-9
2.57654e-6	1.032294725357056e-9	1.032294725357056e-9
2.636573e-6	8.785841166331202e-10	8.785841166331202e-10
2.698005e-6	7.477611583921701e-10	7.477611583921701e-10
2.760868e-6	6.364182586947047e-10	6.364182586947047e-10
2.825197e-6	5.416528870042142e-10	5.416528870042142e-10
2.891025e-6	4.609987527098094e-10	4.609987527098094e-10
2.958385e-6	3.923555785253983e-10	3.923555785253983e-10
3.027315e-6	3.339330846142682e-10	3.339330846142682e-10
3.097853e-6	2.8420887565310133e-10	2.8420887565310133e-10
3.170032e-6	2.4189008867665497e-10	2.4189008867665497e-10
3.243894e-6	2.05872035497782e-10	2.05872035497782e-10
3.319476e-6	1.7521763609865305e-10	1.7521763609865305e-10
3.39682e-6	1.491274622596388e-10	1.491274622596388e-10
3.475967e-6	1.269218657284867e-10	1.269218657284867e-10
3.556956e-6	1.0802331692741157e-10	1.0802331692741157e-10
3.639834e-6	9.193843320396536e-11	9.193843320396536e-11
3.724642e-6	7.824879551788642e-11	7.824879551788642e-11
3.811425e-6	6.659771392472868e-11	6.659771392472868e-11
3.900231e-6	5.668135936972578e-11	5.668135936972578e-11
3.991108e-6	4.824150184229343e-11	4.824150184229343e-11
4.0841e-6	4.1058537480041835e-11	4.1058537480041835e-11
4.179259e-6	3.494508549138205e-11	3.494508549138205e-11
4.276637e-6	2.974188460740173e-11	2.974188460740173e-11
4.376282e-6	2.5313544793252486e-11	2.5313544793252486e-11
4.478249e-6	2.1544585166579562e-11	2.1544585166579562e-11
4.582593e-6	1.833681133676191e-11	1.833681133676191e-11
4.689368e-6	1.5606690872827593e-11	1.5606690872827593e-11
4.79863e-6	1.3283124632404832e-11	1.3283124632404832e-11
4.910438e-6	1.13055481954658e-11	1.13055481954658e-11
5.024851e-6	9.622444076220968e-12	9.622444076220968e-12
5.14193e-6	8.189964285636416e-12	8.189964285636416e-12
5.261736e-6	6.9707987347218685e-12	6.9707987347218685e-12
5.384335e-6	5.933169052032817e-12	5.933169052032817e-12
5.509789e-6	5.050062870895768e-12	5.050062870895768e-12
5.638169e-6	4.298444486090288e-12	4.298444486090288e-12
5.769537e-6	3.658768440336174e-12	3.658768440336174e-12
5.903967e-6	3.1143465606768943e-12	3.1143465606768943e-12
6.041531e-6	2.6509930214921354e-12	2.6509930214921354e-12
6.182299e-6	2.2566468487559146e-12	2.2566468487559146e-12
6.326346e-6	1.9210317540321922e-12	1.9210317540321922e-12
6.47375e-6	1.6353976580636282e-12	1.6353976580636282e-12
6.624587e-6	1.3923076168720762e-12	1.3923076168720762e-12
6.77894e-6	1.185421570581538e-12	1.185421570581538e-12
6.936889e-6	1.009351995093882e-12	1.009351995093882e-12
7.098519e-6	8.595089877366031e-13	8.595089877366031e-13
7.263915e-6	7.31988422039584e-13	7.31988422039584e-13
7.433164e-6	6.234669598302704e-13	6.234669598302704e-13
7.606356e-6	5.311153829442337e-13	5.311153829442337e-13
7.783585e-6	4.525254136509905e-13	4.525254136509905e-13
7.964942e-6	3.856492318156488e-13	3.856492318156488e-13
8.150526e-6	3.2874164628169644e-13	3.2874164628169644e-13
8.340433e-6	2.8031924657433e-13	2.8031924657433e-13
8.534765e-6	2.391182238977197e-13	2.391182238977197e-13
8.733625e-6	2.0406340926290535e-13	2.0406340926290535e-13
8.937119e-6	1.7423931818048416e-13	1.7423931818048416e-13
9.145354e-6	1.4886732347966763e-13	1.4886732347966763e-13
9.35844e-6	1.2728422918806555e-13	1.2728422918806555e-13
9.576492e-6	1.0892545157124666e-13	1.0892545157124666e-13
9.799623e-6	9.331069070583498e-14	9.331069070583498e-14
0.00001002796	8.003046607386464e-14	8.003046607386464e-14
0.00001026161	6.873698785952146e-14	6.873698785952146e-14
0.0000105007	5.913349304751074e-14	5.913349304751074e-14
0.00001074537	5.096703346281791e-14	5.096703346281791e-14
0.00001099573	4.4022789552685096e-14	4.4022789552685096e-14
0.00001125194	3.8116891924709705e-14	3.8116891924709705e-14
0.00001151411	3.309349256273807e-14	3.309349256273807e-14
0.00001178238	2.881922535391956e-14	2.881922535391956e-14
0.00001205691	2.5180349481291955e-14	2.5180349481291955e-14
0.00001233784	2.208003057063101e-14	2.208003057063101e-14
0.00001262531	1.9435763427249265e-14	1.9435763427249265e-14
0.00001291948	1.7177154886651047e-14	1.7177154886651047e-14
0.00001322051	1.5244300574313012e-14	1.5244300574313012e-14
0.00001352854	1.3586362647890716e-14	1.3586362647890716e-14
0.00001384376	1.2160057565653215e-14	1.2160057565653215e-14
0.00001416632	1.0928881690273713e-14	1.0928881690273713e-14
0.00001449639	9.861981545308224e-15	9.861981545308224e-15
0.00001483416	8.933370864349023e-15	8.933370864349023e-15
0.0000151798	8.121308084292825e-15	8.121308084292825e-15
0.00001553348	7.407613988323097e-15	7.407613988323097e-15
0.00001589541	6.77710115019689e-15	6.77710115019689e-15
0.00001626578	6.217173393110409e-15	6.217173393110409e-15
0.00001664477	5.717381393610191e-15	5.717381393610191e-15
0.00001703259	5.269052571383209e-15	5.269052571383209e-15
0.00001742945	4.864995889001346e-15	4.864995889001346e-15
0.00001783556	4.499248270544759e-15	4.499248270544759e-15
0.00001825113	4.1668531291611416e-15	4.1668531291611416e-15
0.00001867638	3.8636729287039814e-15	3.8636729287039814e-15
0.00001911155	3.58688799657865e-15	3.58688799657865e-15
0.00001955685	3.32994099046815e-15	3.32994099046815e-15
0.00002001251	3.098871246115269e-15	3.098871246115269e-15
0.0000204788	2.8821577854100912e-15	2.8821577854100912e-15
0.00002095596	2.6827644324465016e-15	2.6827644324465016e-15
0.00002144424	2.4974457952075757e-15	2.4974457952075757e-15
0.00002194387	2.3265971933276288e-15	2.3265971933276288e-15
0.00002245517	2.168839551465253e-15	2.168839551465253e-15
0.00002297838	2.0202770849564177e-15	2.0202770849564177e-15
0.00002351378	1.8836261571766306e-15	1.8836261571766306e-15
0.00002406165	1.757259656396857e-15	1.757259656396857e-15
0.00002462228	1.6383571039306418e-15	1.6383571039306418e-15
0.00002519599	1.528091456687066e-15	1.528091456687066e-15
0.00002578305	1.4254814976000214e-15	1.4254814976000214e-15
0.0000263838	1.3295941109977888e-15	1.3295941109977888e-15
0.00002699854	1.2407922872100713e-15	1.2407922872100713e-15
0.0000276276	1.1575161553948178e-15	1.1575161553948178e-15
0.00002827133	1.0801144383814153e-15	1.0801144383814153e-15
0.00002893006	1.0078199988093112e-15	1.0078199988093112e-15
0.00002960412	9.406529381233018e-16	9.406529381233018e-16
0.0000302939	8.776863050087998e-16	8.776863050087998e-16
0.00003099973	8.192297296851475e-16	8.192297296851475e-16
0.00003172204	7.645577152838104e-16	7.645577152838104e-16
0.00003246116	7.134299194735247e-16	7.134299194735247e-16
0.00003321751	6.659606970384964e-16	6.659606970384964e-16
0.00003399148	6.215288810666806e-16	6.215288810666806e-16
0.00003478347	5.801232627640439e-16	5.801232627640439e-16
0.00003559393	5.414563694334013e-16	5.414563694334013e-16
0.00003642327	5.053734262899069e-16	5.053734262899069e-16
0.00003727194	4.717425675090175e-16	4.717425675090175e-16
0.00003814036	4.4033402094319263e-16	4.4033402094319263e-16
0.00003902903	4.1100930646397785e-16	4.1100930646397785e-16
0.00003993841	3.8364035893007924e-16	3.8364035893007924e-16
0.00004086898	3.581035255341673e-16	3.581035255341673e-16
0.00004182122	3.3427508133272516e-16	3.3427508133272516e-16
0.00004279566	3.1203403660498324e-16	3.1203403660498324e-16
0.0000437928	2.912816420579917e-16	2.912816420579917e-16
0.00004481318	2.7190867032884407e-16	2.7190867032884407e-16
0.00004585732	2.5383055371645076e-16	2.5383055371645076e-16
0.0000469258	2.3695407782943935e-16	2.3695407782943935e-16
0.00004801916	2.212025203292223e-16	2.212025203292223e-16
0.000049138	2.0649688859641447e-16	2.0649688859641447e-16
0.00005028294	1.9277881107632137e-16	1.9277881107632137e-16
0.00005145453	1.7997624843295298e-16	1.7997624843295298e-16
0.00005265342	1.6802169502775526e-16	1.6802169502775526e-16
0.00005388024	1.5686610532552916e-16	1.5686610532552916e-16
0.00005513564	1.4645485652582505e-16	1.4645485652582505e-16
0.0000564203	1.3673671781931877e-16	1.3673671781931877e-16
0.0000577349	1.2766454088743673e-16	1.2766454088743673e-16
0.00005908011	1.1920007760064589e-16	1.1920008389258794e-16
0.00006045668	1.1129658350551465e-16	1.112965902442658e-16
0.00006186534	1.0392105657661493e-16	1.0392106379363137e-16
0.0000633068	9.703554761014131e-17	9.703555533926728e-17
0.00006478183	9.060903928416857e-17	9.060904756148804e-17
0.00006629126	8.461097446549118e-17	8.461098332958907e-17
0.00006783584	7.901113845528363e-17	7.901114794761561e-17
0.00006941641	7.378507979259764e-17	7.378507979259764e-17
0.00007103382	6.89062732993158e-17	6.8906284183665e-17
0.00007268891	6.435173657330469e-17	6.435174822800077e-17
0.00007438256	6.010066555371913e-17	6.010067803278097e-17
0.00007611567	5.613233025627923e-17	5.613233025627923e-17
0.00007788918	5.24277932016979e-17	5.2427807507085403e-17
0.00007970398	4.8969536448694304e-17	4.8969551764336174e-17
0.00008156109	4.574117947757797e-17	4.574119587417889e-17
0.00008346146	4.2727379980523034e-17	4.2727379980523034e-17
0.00008540612	3.9913944931564963e-17	3.991396372198582e-17
0.00008739608	3.7287304810082485e-17	3.728731687853123e-17
0.00008943241	3.4835174034300444e-17	3.483518695227571e-17
0.00009151618	3.25459190990207e-17	3.254593292563604e-17
0.00009364851	3.040855307310757e-17	3.040857033798202e-17
0.00009583052	2.8413075335134e-17	2.8413093812536504e-17
0.00009806338	2.6549966101673274e-17	2.654998305084205e-17
0.0001003482	2.481051692327268e-17	2.481051692327268e-17
0.0001026864	2.3186264252785525e-17	2.3186264252785525e-17
0.000105079	2.1669772726080914e-17	2.1669772726080914e-17
0.0001075273	2.0253725583210612e-17	2.0253725583210612e-17
0.0001100327	1.8931477755315352e-17	1.8931477755315352e-17
0.0001125964	1.769682174855135e-17	1.769682174855135e-17
0.0001152199	1.6543850821377715e-17	1.6543850821377715e-17
0.0001179046	1.546714097692266e-17	1.546714097692266e-17
0.0001206517	1.4461659655793315e-17	1.4461659655793315e-17
0.0001234629	1.3522625484720045e-17	1.3522625484720045e-17
0.0001263396	1.2645631656821261e-17	1.2645631656821261e-17
0.0001292833	1.1826559093836214e-17	1.1826559093836214e-17
0.0001322956	1.1061536059698037e-17	1.1061536059698037e-17
0.0001353781	1.0346973470537169e-17	1.0346973470537169e-17
0.0001385324	9.679525298277804e-18	9.679525298277804e-18
0.0001417602	9.056046322761385e-18	9.056046322761385e-18
0.0001450632	8.473620241667668e-18	8.473620241667668e-18
0.0001484432	7.929516063417741e-18	7.929516063417741e-18
0.0001519019	7.421186899681211e-18	7.454077407701104e-18
0.0001554413	6.946251507107989e-18	6.981595806117682e-18
0.000159063	6.502506055360503e-18	6.540580249488573e-18
0.0001627692	6.087864157485776e-18	6.1289554574984475e-18
0.0001665617	5.700401301662893e-18	5.744804174208203e-18
0.0001704426	5.3383115308119664e-18	5.386327134513833e-18
0.0001744139	4.999911999225587e-18	5.051849166394421e-18
0.0001784778	4.683628401143712e-18	4.73980062871847e-18
0.0001826363	4.388001253418235e-18	4.448729593940275e-18
0.0001868917	4.1116547763643774e-18	4.17727064002322e-18
0.0001912464	3.853307021248112e-18	3.924140670261452e-18
0.0001957023	3.611786538542941e-18	3.688179022227636e-18
0.0002002621	3.3859564379950317e-18	3.468250207237073e-18
0.0002049283	3.174781803526031e-18	3.2633278260082914e-18
0.0002097031	2.9773038978243385e-18	3.072458217779373e-18
0.0002145891	2.792610069451158e-18	2.8947323710491784e-18
0.0002195891	2.6198523813375442e-18	2.7293073297084007e-18
0.0002247055	2.4582484618117836e-18	2.575405502052056e-18
0.0002299412	2.3070568913661404e-18	2.4322896620262975e-18
0.0002352989	2.1655948374522877e-18	2.299279017431334e-18
0.0002407814	2.0332181388134428e-18	2.1757336693630496e-18
0.0002463915	1.9093312965538487e-18	2.0610593150125494e-18
0.0002521324	1.7933711272349624e-18	1.9546935821248304e-18
0.0002580071	1.684817645918988e-18	1.8561169144210717e-18
0.0002640188	1.5831801855758555e-18	1.7648386611812424e-18
0.0002701704	1.4880110886683607e-18	1.6803972744562518e-18
0.0002764653	1.3988822323555332e-18	1.602322065004411e-18
0.000282907	1.3153959479943673e-18	1.5301646970179388e-18
0.0002894987	1.2371851114526072e-18	1.4635070891526287e-18
0.000296244	1.1639025088038947e-18	1.4019514970212059e-18
0.0003031465	1.0952274421324548e-18	1.3430822759607842e-18
0.0003102098	1.0308573616170183e-18	1.2799996093749405e-18
0.0003174378	9.705105872683719e-19	1.220620149759949e-18
0.0003248339	9.139292915756668e-19	1.1646683004186214e-18
0.0003324026	8.608637522860397e-19	1.1119192191881566e-18
0.0003401477	8.110871408178039e-19	1.062135725790259e-18
0.0003480731	7.64387499897794e-19	1.015133242485931e-18
0.0003561832	7.20563113127504e-19	9.707053105860707e-19
0.0003644823	6.794296873113508e-19	9.286973942033002e-19
0.0003729747	6.40813155295676e-19	8.889330402229406e-19
0.0003816651	6.045511144642776e-19	8.512808584715154e-19
0.0003905577	5.704924188803915e-19	8.155887750576266e-19
0.0003996578	5.384948467720002e-19	7.817356650428583e-19
0.0004089697	5.084274284497248e-19	7.496010939159575e-19
0.0004184987	4.801660650233417e-19	7.190814974674289e-19
0.0004282498	4.535956348996317e-19	6.900721701387473e-19
0.000438228	4.286090876311421e-19	6.624854338021327e-19
0.0004484387	4.051057269405112e-19	6.362221310202908e-19
0.0004588874	3.829915273214278e-19	6.11207207091016e-19
0.0004695794	3.6217921668698773e-19	5.873713476157992e-19
0.0004805206	3.4258644894391255e-19	5.646336865614732e-19
0.0004917167	3.2413717003762465e-19	5.429352171299998e-19
0.0005031738	3.067593274865493e-19	5.222197813181726e-19
0.0005148976	2.903870090069458e-19	5.024156645647109e-19
0.0005268949	2.749568056986406e-19	4.8348872789342255e-19
0.0005391715	2.6041105967297165e-19	4.653748489121432e-19
0.0005517341	2.466951458784708e-19	4.4803403888544e-19
0.0005645896	2.3375775922950665e-19	4.314275721369695e-19
0.0005777444	2.215517433919219e-19	4.15503429588734e-19
0.0005912059	2.1003203327111795e-19	4.0023980311808073e-19
0.000604981	1.991572243228952e-19	3.855851656897604e-19
0.0006190771	1.8888826061987016e-19	3.7152164809065973e-19
0.0006335016	1.7918867151692376e-19	3.5800828202710623e-19
0.0006482622	1.7002432178956048e-19	3.450164996054537e-19
0.0006633666	1.6136342522393358e-19	3.325283145838862e-19
0.0006788231	1.5317583033886255e-19	3.2050964884071746e-19
0.0006946397	1.4543359309320527e-19	3.089412808285743e-19
0.0007108249	1.3811066215176872e-19	2.9779746473064545e-19
0.000727387	1.3118241116857092e-19	2.8706159617754516e-19
0.0007443352	1.2462577983707867e-19	2.7670927884695157e-19
0.0007616783	1.1841925730218038e-19	2.6671830645833067e-19
0.0007794252	1.125426985637007e-19	2.570600318991656e-19
0.0007975859	1.0697706529906305e-19	2.4771178817327202e-19
0.0008161697	1.0170463853728601e-19	2.386529698118169e-19
0.0008351864	9.67087819176728e-20	2.2986242624665736e-19
0.0008546462	9.197382236267014e-20	2.213238351375649e-19
0.0008745595	8.748507872774649e-20	2.1302260443436517e-19
0.0008949368	8.322880811353723e-20	2.049457123240201e-19
0.0009157887	7.91921302908313e-20	1.970817343134569e-19
0.0009371265	7.536280249566095e-20	1.8941593122015897e-19
0.0009589617	7.172938728303763e-20	1.8194000384742218e-19
0.0009813056	6.828122362699719e-20	1.746488763204619e-19
0.00100417	6.500824178517676e-20	1.6753211632400517e-19
0.001027567	6.190086429121973e-20	1.6058474398273331e-19
0.001051509	5.895020356198951e-20	1.5380094277994527e-19
0.00107601	5.614785392158814e-20	1.4717759680060007e-19
0.001101081	5.348592805589149e-20	1.407124727947029e-19
0.001126736	5.09569671389497e-20	1.3439916294382195e-19
0.001152989	4.8553928780274823e-20	1.2824002885214897e-19
0.001179853	4.627020639677329e-20	1.2223172869594867e-19
0.001207344	4.409955782091245e-20	1.1637327012677782e-19
0.001235475	4.2036163002824126e-20	1.1066421508328698e-19
0.001264262	4.007443075079171e-20	1.0510581097161089e-19
0.001293719	3.820915466220105e-20	9.969703857186533e-20
0.001323863	3.643538184237953e-20	9.443995711561924e-20
0.001354709	3.474846399483005e-20	8.933536253914236e-20
0.001386273	3.3143999456915276e-20	8.438320626759807e-20
0.001418573	3.1617841482302363e-20	7.958680166962359e-20
0.001451626	3.0166055426588346e-20	7.494963308782773e-20
0.001485449	2.8784938770127685e-20	7.047576179084551e-20
0.00152006	2.7470989243199814e-20	6.616846681010525e-20
0.001555477	2.622088671269528e-20	6.202927131604885e-20
0.00159172	2.5031493163612913e-20	5.806060626621118e-20
0.001628807	2.3899847279846788e-20	5.426167155552803e-20
0.001666758	2.2823139573687055e-20	5.063325488253743e-20
0.001705594	2.179871441163446e-20	4.7173398223999087e-20
0.001745334	2.0824063004130582e-20	4.3882524995720113e-20
0.001786	1.9896801250452298e-20	4.076469060351127e-20
0.001827614	1.9014671966668266e-20	3.78249104427228e-20
0.001870198	1.8175544008364644e-20	3.50642595815169e-20
0.001913773	1.7377394798991018e-20	3.248263766999226e-20
0.001958364	1.661829864938045e-20	3.0076609682608847e-20
0.002003994	1.5896452434426997e-20	2.784184261143648e-20
0.002050688	1.5210098619009676e-20	2.5771760708186002e-20
0.002098468	1.455765777864008e-20	2.3860063914415652e-20
0.002147363	1.393753206274339e-20	2.209884725500405e-20
0.002197395	1.3348292025573909e-20	2.0479938964752802e-20
0.002248596	1.2788488964690082e-20	1.899528757350096e-20
0.002300987	1.2256845026351603e-20	1.763634741095786e-20
0.0023546	1.1752073859536453e-20	1.6395139523651515e-20
0.002409463	1.1272982524602795e-20	1.5263623423027704e-20
0.002465604	1.0818430801183693e-20	1.4234143809867876e-20
0.002523051	1.0387360107361254e-20	1.3299477433343011e-20
0.00258184	9.978701568841508e-21	1.2452921344005992e-20
0.002641995	9.591511872483921e-21	1.1688212652069606e-20
0.002703555	9.22481951042946e-21	1.0998258725816555e-20
0.002766546	8.877760697383098e-21	1.0374747948745551e-20
0.002831007	8.54946314103991e-21	9.810119265330061e-21
0.00289697	8.239113726609191e-21	9.297969133095678e-21
0.002964469	7.94593764133598e-21	8.832636356150977e-21
0.003033541	7.669185745566474e-21	8.409198534937798e-21
0.003104224	7.408125268919256e-21	8.023351232496306e-21
0.003176552	7.162084542924637e-21	7.671367218429842e-21
0.003250565	6.930391763818263e-21	7.349944897752635e-21
0.003326303	6.712399719921334e-21	7.056173892415067e-21
0.003403807	6.5074949097175635e-21	6.787501381215329e-21
0.003483114	6.315080759578613e-21	6.5416534607085396e-21
0.003564271	6.1345782251105095e-21	6.3166244941424215e-21
0.003647319	5.965427897477264e-21	6.110619035744252e-21
0.003732301	5.807091354542306e-21	5.807148181336516e-21
0.003819263	5.659034369925668e-21	5.65909003285864e-21
0.003908253	5.520749949055835e-21	5.520805647729324e-21
0.003999315	5.391752034357663e-21	5.391804892612492e-21
0.004092499	5.271552902134247e-21	5.27160554290626e-21
0.004187855	5.159696211987679e-21	5.1597470868250895e-21
0.004285431	5.055725467230198e-21	5.0557744213918406e-21
0.004385282	4.959206589768166e-21	4.959254984370133e-21
0.00448746	4.8697248382223816e-21	4.869772581959039e-21
0.004592017	4.786874241088854e-21	4.786919677621508e-21
0.004699012	4.7102579547196775e-21	4.7103025380542175e-21
0.004808499	4.639513983166772e-21	4.639557629774632e-21
0.004920536	4.574273712842291e-21	4.5743147027724275e-21
0.005035185	4.514195941693271e-21	4.514237477138304e-21
0.005152505	4.458956155873255e-21	4.458996523882924e-21
0.005272558	4.408242847212481e-21	4.408280276933399e-21
0.005395408	4.3617548074140986e-21	4.361790916584609e-21
0.005521122	4.31921347006605e-21	4.319249934884528e-21
0.005649763	4.280358045771405e-21	4.280391337249435e-21
0.005781403	4.244932861659887e-21	4.2449664309626765e-21
0.005916109	4.212704000995086e-21	4.21273604679904e-21
0.006053955	4.183453119134957e-21	4.183483596238905e-21
0.006195011	4.1569706518088394e-21	4.157001323069311e-21
0.006339356	4.133066658063962e-21	4.13309387747242e-21
0.006487064	4.111559922948953e-21	4.1115872847356656e-21
0.006638212	4.0922866468516105e-21	4.092314137502154e-21
0.006792882	4.075092636983852e-21	4.075118403187814e-21
0.006951155	4.059832508860434e-21	4.059856524558473e-21
0.007113118	4.0463761565133814e-21	4.046400252075911e-21
0.007278853	4.034600351955569e-21	4.034622658936025e-21
0.007448452	4.024402440114557e-21	4.024422940000218e-21
0.007622001	4.0156711767773014e-21	4.015691721235584e-21
0.007799592	4.008322591808199e-21	4.0083413028333806e-21
0.007981323	4.002268731607112e-21	4.002287470934591e-21
0.008167287	3.997432926266556e-21	3.997449812067689e-21
0.008357586	3.99375011737089e-21	3.99376889666891e-21
0.008552317	3.991161485081755e-21	3.991178397415981e-21
0.008751586	3.9896071235147956e-21	3.989624042438084e-21
0.008955498	3.989044998492747e-21	3.989060039658466e-21
0.00916416	3.98943229043933e-21	3.989445450184775e-21
0.009377686	3.990725497951469e-21	3.990740532783358e-21
0.009596187	3.992904957546573e-21	3.9929181058469004e-21
0.009819778	3.995935434913833e-21	3.995948573242653e-21
0.01004858	3.999801870093068e-21	3.9998131206345125e-21
0.01028271	4.004484985613006e-21	4.004496222997345e-21
0.0105223	4.009976309156951e-21	4.009987531152685e-21
0.01076747	4.016263188587123e-21	4.0162743930164926e-21
0.01101835	4.023347486857182e-21	4.023358671557881e-21
0.01127508	4.031223139445397e-21	4.0312324418222275e-21
0.01153779	4.039898513576795e-21	4.039907795977527e-21
0.01180662	4.0493851385117715e-21	4.049392547037148e-21
0.01208171	4.059684716822231e-21	4.059693953982246e-21
0.01236321	4.070822398484119e-21	4.070829767995709e-21
0.01265128	4.082811531285764e-21	4.082820716122617e-21
0.01294605	4.0956775996164545e-21	4.0956849244051965e-21
0.0132477	4.109445218031261e-21	4.1094525182802635e-21
0.01355636	4.124150821684387e-21	4.1241580959027265e-21
0.01387223	4.1398206482890056e-21	4.139827894973413e-21
0.01419545	4.156496120532293e-21	4.156503338143734e-21
0.01452621	4.174226275610846e-21	4.174231665827856e-21
0.01486467	4.193046028843471e-21	4.193051394867466e-21
0.01521101	4.213019107481e-21	4.213024448065784e-21
0.01556543	4.234200042510982e-21	4.234205356380345e-21
0.01592811	4.256643043526201e-21	4.256648329378409e-21
0.01629923	4.280428132792326e-21	4.280433389272633e-21
0.016679	4.305616680569695e-21	4.305621906298787e-21
0.01706762	4.332296734989422e-21	4.332300197354749e-21
0.0174653	4.360554437224698e-21	4.360557877152877e-21
0.01787224	4.3904823197457474e-21	4.390487444464453e-21
0.01828866	4.422180457647562e-21	4.422183849638095e-21
0.01871479	4.455765927424824e-21	4.455769293848145e-21
0.01915084	4.491355029387011e-21	4.491358369135111e-21
0.01959706	4.5290810326157774e-21	4.529084344544712e-21
0.02005368	4.569084700462446e-21	4.569087983394498e-21
0.02052093	4.611519814551381e-21	4.611523067273978e-21
0.02099905	4.656558278385443e-21	4.656561499647567e-21
0.02148833	4.704378811277851e-21	4.70438199979551e-21
0.02198901	4.755187693456485e-21	4.755190847905056e-21
0.02250136	4.8092005572652095e-21	4.809203676285712e-21
0.02302563	4.866657477160274e-21	4.866660559356899e-21
0.02356214	4.927823048771131e-21	4.927826092710659e-21
0.02411113	4.992978569952009e-21	4.992981574169887e-21
0.02467293	5.062445555262792e-21	5.062448518256754e-21
0.0252478	5.1365688937266285e-21	5.136571813963083e-21
0.02583607	5.215732450960267e-21	5.215735326873863e-21
0.02643806	5.3003584784427554e-21	5.300361308439265e-21
0.02705406	5.3909062317944275e-21	5.390910405488112e-21
0.02768443	5.487903971463058e-21	5.4879080713874935e-21
0.02832946	5.591913357697882e-21	5.591917381363927e-21
0.02898955	5.7035765095245284e-21	5.7035791394526995e-21
0.029665	5.8235981145680026e-21	5.8236019781575044e-21
0.03035619	5.952765323780201e-21	5.95276784361695e-21
0.0310635	6.091952888852638e-21	6.09195535111675e-21
0.03178727	6.2421438624882725e-21	6.2421462655083625e-21
0.03252792	6.404430888064918e-21	6.40443440125668e-21
0.03328582	6.580034574377251e-21	6.580036854000135e-21
0.03406137	6.7703216319463e-21	6.770323847497991e-21
0.03485502	6.976825567548612e-21	6.976827717523201e-21
0.03566714	7.201239476645671e-21	7.201241559620119e-21
0.03649818	7.445448609721244e-21	7.445450624374591e-21
0.03734858	7.711556263167637e-21	7.711558208300057e-21
0.0382188	8.001847911576425e-21	8.001849786143202e-21
0.0391093	8.318813016290246e-21	8.318814819431913e-21
0.04002055	8.665113674961223e-21	8.665115406040476e-21
0.04095303	9.043513974114265e-21	9.04351646208487e-21
0.04190724	9.456761073433123e-21	9.456762659599744e-21
0.04288367	9.90741389061747e-21	9.907415404635055e-21
0.04388286	1.0397517732612915e-20	1.039751917526484e-20
0.04490534	1.092813707820322e-20	1.0928139137108385e-20
0.04595162	1.1498653399420299e-20	1.1498654703920803e-20
0.04702229	1.2105823392070445e-20	1.2105824631143474e-20
0.04811793	1.2742509564446086e-20	1.2742509564446086e-20
0.04923906	1.3396245742744494e-20	1.3396245742744494e-20
0.05038634	1.4047850369362568e-20	1.4047850369362568e-20
0.05156034	1.467069528004723e-20	1.467069528004723e-20
0.05276169	1.523141490472898e-20	1.523141982876186e-20
0.05399105	1.569298728732041e-20	1.569298728732041e-20
0.05524903	1.6020435387342008e-20	1.6020435387342008e-20
0.05653634	1.6188129910523947e-20	1.6188129910523947e-20
0.05785363	1.6186174656168766e-20	1.6186174656168766e-20
0.05920163	1.602308490896806e-20	1.602308490896806e-20
0.06058103	1.5723434739267373e-20	1.5723434739267373e-20
0.06199256	1.5321729667371108e-20	1.5321729667371108e-20
0.06343698	1.48552112068459e-20	1.48552112068459e-20
0.06491507	1.4358194524382235e-20	1.4358194524382235e-20
0.06642758	1.3858847354668427e-20	1.3858847354668427e-20
0.06797535	1.3378346310362878e-20	1.3378351916435747e-20
0.06955917	1.293149063333381e-20	1.2931496433127916e-20
0.0711799	1.2527948754684465e-20	1.2527954741297559e-20
0.0728384	1.2173690483990466e-20	1.2173691716155786e-20
0.07453553	1.1872205144790919e-20	1.187220640824611e-20
0.0762722	1.1625512246778633e-20	1.1625513537044289e-20
0.07804936	1.1434912986114063e-20	1.1434914297886104e-20
0.07986791	1.130154989370927e-20	1.1301551220960777e-20
0.08172883	1.1226828804252786e-20	1.1226830140337922e-20
0.08363311	1.121271688753444e-20	1.1212718894184407e-20
0.08558177	1.1262030234376038e-20	1.1262032232239438e-20
0.08757581	1.1378633925036873e-20	1.1378635243296974e-20
0.08961632	1.1567667007655433e-20	1.1567668304373186e-20
0.0917044	1.1835690093948895e-20	1.1835691361302053e-20
0.0938411	1.219082523867847e-20	1.219082708432861e-20
0.0960276	1.2642695519548038e-20	1.2642695519548038e-20
0.09826505	1.3202113467168807e-20	1.3202113467168807e-20
0.1005546	1.3880120676708833e-20	1.3880120676708833e-20
0.1028976	1.468591161623956e-20	1.468591161623956e-20
0.1052951	1.562277184112986e-20	1.562277184112986e-20
0.1077484	1.668104762897103e-20	1.668104762897103e-20
0.110259	1.7827473180459424e-20	1.7827477387448848e-20
0.112828	1.8992780207226115e-20	1.8992780207226115e-20
0.1154569	2.006498068775547e-20	2.00649844256107e-20
0.118147	2.0902803639703455e-20	2.0902803639703455e-20
0.1208999	2.1379678435374093e-20	2.1379678435374093e-20
0.1237168	2.1442502186078938e-20	2.1442502186078938e-20
0.1265994	2.1141225130062826e-20	2.1141228677633662e-20
0.1295492	2.0602953671743285e-20	2.0602953671743285e-20
0.1325677	1.9975953043597194e-20	1.9975953043597194e-20
0.1356565	1.9386558487777043e-20	1.9386558487777043e-20
0.1388173	1.8925114266497838e-20	1.8925114266497838e-20
0.1420518	1.8651794819802195e-20	1.865179884086251e-20
0.1453616	1.8609005884248627e-20	1.8609005884248627e-20
0.1487485	1.8833044098074002e-20	1.883304808043563e-20
0.1522143	1.9362898801574107e-20	1.9362902674960696e-20
0.1557609	2.024548838630474e-20	2.024548838630474e-20
0.1593902	2.1535716844349528e-20	2.1535720326935897e-20
0.1631039	2.3285118638306312e-20	2.328512185924738e-20
0.1669043	2.5503929109060825e-20	2.5503929109060825e-20
0.1707931	2.807210626226682e-20	2.8072108933957916e-20
0.1747726	3.0599700978931146e-20	3.0599700978931146e-20
0.1788448	3.238458197970139e-20	3.238458197970139e-20
0.1830119	3.277890708977345e-20	3.277890708977345e-20
0.1872761	3.179837731708963e-20	3.179837731708963e-20
0.1916396	3.0110992178936915e-20	3.011099466972156e-20
0.1960674	2.845220202374502e-20	2.8452204659744733e-20
0.2005975	2.7240404732676054e-20	2.7240404732676054e-20
0.2052324	2.6677234676780125e-20	2.6677234676780125e-20
0.2099743	2.6867083950440174e-20	2.686708674195995e-20
0.2148256	2.790420667211308e-20	2.7904209359879736e-20
0.2197892	2.990051002909482e-20	2.990051253741313e-20
0.2248674	3.293041071714715e-20	3.293041071714715e-20
0.230063	3.6793775968225933e-20	3.6793778006614105e-20
0.2353785	4.0518865976233836e-20	4.0518865976233836e-20
0.2408169	4.227041518603762e-20	4.227041518603762e-20
0.246381	4.107714693111e-20	4.107714693111e-20
0.2520736	3.823433012359443e-20	3.823433012359443e-20
0.2578977	3.5578300971238075e-20	3.557830307926448e-20
0.2638563	3.4080189260037863e-20	3.4080189260037863e-20
0.2699528	3.410310396430214e-20	3.410310396430214e-20
0.2761901	3.587792636148304e-20	3.587792636148304e-20
0.2825713	3.96653627236661e-20	3.96653627236661e-20
0.2891002	4.5414226845780386e-20	4.5414226845780386e-20
0.2957797	5.137025890532381e-20	5.137025890532381e-20
0.3026138	5.3231292488535354e-20	5.3231292488535354e-20
0.3096055	4.971326784672277e-20	4.971326784672277e-20
0.3167591	4.500731607194546e-20	4.500731607194546e-20
0.3240778	4.224530151389619e-20	4.224530151389619e-20
0.3315655	4.236008144468091e-20	4.236008144468091e-20
0.3392262	4.5765259750164207e-20	4.5765259750164207e-20
0.347064	5.267953587494864e-20	5.267953587494864e-20
0.3550829	6.086250077017867e-20	6.086250077017867e-20
0.3632872	6.27312123268792e-20	6.27312123268792e-20
0.3716807	5.672722891169636e-20	5.672722891169636e-20
0.3802684	5.086592670934051e-20	5.086592670934051e-20
0.3854081	4.9292884882100384e-20	4.9292884882100384e-20
0.3906171	4.939930667529657e-20	4.939930667529657e-20
0.3958964	5.1324993911348885e-20	5.1324993911348885e-20
0.401247	5.522807709851937e-20	5.522807709851937e-20
0.4066701	6.108967997951865e-20	6.108967997951865e-20
0.4121665	6.802785826409648e-20	6.802785826409648e-20
0.4177372	7.330995839584142e-20	7.330995839584142e-20
0.423383	7.356286087422103e-20	7.356286087422103e-20
0.4291054	6.906593588738229e-20	6.906593588738229e-20
0.4349049	6.336478911824768e-20	6.336478911824768e-20
0.4407828	5.909567243039037e-20	5.909567243039037e-20
0.4467403	5.721110906109057e-20	5.721110906109057e-20
0.4527781	5.799241329691324e-20	5.799241329691324e-20
0.4588977	6.1653077782054e-20	6.1653077782054e-20
0.4650998	6.829733523352137e-20	6.829733523352137e-20
0.471386	7.693800101380332e-20	7.693800101380332e-20
0.4777571	8.353086854570591e-20	8.353086854570591e-20
0.484214	8.278477215043839e-20	8.278477215043839e-20
0.4907586	7.604814593400683e-20	7.604814593400683e-20
0.4973914	6.907770624448962e-20	6.907770624448962e-20
0.5041138	6.501455221717673e-20	6.501455221717673e-20
0.5109273	6.46828338896805e-20	6.46828338896805e-20
0.5178326	6.841065706452469e-20	6.841065706452469e-20
0.5248314	7.644511756809587e-20	7.644512737905536e-20
0.5319248	8.744609768308704e-20	8.744609768308704e-20
0.5391141	9.48700295140673e-20	9.48700295140673e-20
0.5464003	9.138752102995243e-20	9.138752102995243e-20
0.5537852	8.195478936584487e-20	8.195478936584487e-20
0.5612699	7.468755920499746e-20	7.468755920499746e-20
0.5688558	7.238173802831762e-20	7.238173802831762e-20
0.5743108	7.409604240443615e-20	7.409604240443615e-20
0.5798181	7.87794421153133e-20	7.87794421153133e-20
0.5853782	8.641569301926589e-20	8.641569301926589e-20
0.5909916	9.592777752038249e-20	9.592777752038249e-20
0.5966588	1.036861803713494e-19	1.036861803713494e-19
0.6023804	1.0461666454250967e-19	1.0461666454250967e-19
0.608157	9.83698505640829e-20	9.83698505640829e-20
0.6139889	8.989513891195674e-20	8.989513891195674e-20
0.6198766	8.324045891271864e-20	8.324045891271864e-20
0.6258209	7.988777127946429e-20	7.988777127946429e-20
0.6318221	8.020218201520456e-20	8.020218201520456e-20
0.6378809	8.440107819216529e-20	8.440107819216529e-20
0.6439978	9.263554393428044e-20	9.263554393428044e-20
0.6501735	1.0397281134989089e-19	1.0397281134989089e-19
0.6564081	1.1394803420858123e-19	1.1394803420858123e-19
0.6627026	1.1518540923224608e-19	1.1518540923224608e-19
0.6690577	1.0711457883967057e-19	1.0711457883967057e-19
0.6754734	9.699516998283987e-20	9.699516998283987e-20
0.6819508	8.998045621133513e-20	8.998045621133513e-20
0.6884904	8.75811452311512e-20	8.75811452311512e-20
0.6950926	9.014513298010049e-20	9.014513298010049e-20
0.7017582	9.793893505649323e-20	9.793893505649323e-20
0.7084875	1.104135861205495e-19	1.104135861205495e-19
0.7152815	1.229449266948417e-19	1.229449266948417e-19
0.7221406	1.255506869754204e-19	1.255506869754204e-19
0.7290655	1.1604199455369594e-19	1.1604199455369594e-19
0.7360569	1.0411770022431345e-19	1.0411770022431345e-19
0.7431153	9.652800111884633e-20	9.652800111884633e-20
0.7502412	9.497431758112296e-20	9.497431758112296e-20
0.7574356	9.986337917374917e-20	9.986337917374917e-20
0.7630694	1.0829536693691009e-19	1.0829536693691009e-19
0.7687452	1.201157504243303e-19	1.2011575666830727e-19
0.7744634	1.319591414036936e-19	1.319591414036936e-19
0.7802239	1.3702481527081145e-19	1.3702481527081145e-19
0.7860272	1.3157431360261775e-19	1.3157431360261775e-19
0.7918738	1.2054542297408063e-19	1.2054542297408063e-19
0.7977639	1.1047969270413454e-19	1.1047969270413454e-19
0.8036978	1.0434778866847155e-19	1.0434778866847155e-19
0.8096757	1.0288283384510751e-19	1.0288283384510751e-19
0.8156981	1.0630089839695617e-19	1.0630089839695617e-19
0.8217655	1.147972909088015e-19	1.147972909088015e-19
0.8278778	1.2781648954653699e-19	1.2781648954653699e-19
0.8340357	1.4154580530697476e-19	1.4154580530697476e-19
0.8402394	1.472752015785414e-19	1.472752015785414e-19
0.8464891	1.4017503344033845e-19	1.4017503344033845e-19
0.8527854	1.2714969524147512e-19	1.2714969524147512e-19
0.8591286	1.162690629531347e-19	1.162690629531347e-19
0.8655188	1.1062457457545317e-19	1.1062457457545317e-19
0.8719566	1.1084390375658917e-19	1.1084390375658917e-19
0.8784424	1.171962584727004e-19	1.171962584727004e-19
0.8849763	1.2973719590001935e-19	1.2973719590001935e-19
0.8915589	1.4613362036164027e-19	1.4613362036164027e-19
0.8981905	1.5745351695024154e-19	1.5745351695024154e-19
0.9048713	1.5350192181207372e-19	1.5350192181207372e-19
0.9116018	1.3916039307216693e-19	1.3916039307216693e-19
0.9183824	1.259201532718254e-19	1.259201532718254e-19
0.9252134	1.1885861559012036e-19	1.1885861559012036e-19
0.9320953	1.1897693894196474e-19	1.1897693894196474e-19
0.9390284	1.2660023696660288e-19	1.2660023696660288e-19
0.9460129	1.4161006320173718e-19	1.4161006320173718e-19
0.9517622	1.567975286795044e-19	1.567975286795044e-19
0.9575464	1.6737831400752011e-19	1.6737831400752011e-19
0.9633659	1.6561281653302077e-19	1.6561281653302077e-19
0.9692205	1.5348594398185132e-19	1.5348594398185132e-19
0.9751108	1.396989441620802e-19	1.396989441620802e-19
0.981037	1.2977985205724348e-19	1.2977985205724348e-19
0.9869991	1.253836711856851e-19	1.253836711856851e-19
0.9929975	1.2683390713843048e-19	1.2683390713843048e-19
0.9990325	1.3435389834314447e-19	1.3435389834314447e-19
1.005104	1.478777366610674e-19	1.478777366610674e-19
1.011212	1.6505153740574488e-19	1.6505153740574488e-19
1.017358	1.7775681421537683e-19	1.7775681421537683e-19
1.023541	1.7595803476965753e-19	1.7595803476965753e-19
1.029761	1.61977915161296e-19	1.61977915161296e-19
1.036019	1.4673486293311485e-19	1.4673486293311485e-19
1.042316	1.3659699850289538e-19	1.3659699850289538e-19
1.04865	1.3320923391416978e-19	1.3320923391416978e-19
1.055023	1.3688473253069533e-19	1.3688473253069533e-19
1.061435	1.4785810765730773e-19	1.4785810765730773e-19
1.067886	1.6529827585307718e-19	1.6529827585307718e-19
1.074376	1.8333772115961297e-19	1.8333772115961297e-19
1.080905	1.8894181644093505e-19	1.8894181644093505e-19
1.087474	1.7699580503503465e-19	1.7699580503503465e-19
1.094083	1.5919803704819981e-19	1.5919803704819981e-19
1.100732	1.4597869707597749e-19	1.4597869707597749e-19
1.107422	1.4051192120243748e-19	1.4051192120243748e-19
1.114152	1.4331802049986595e-19	1.4331802049986595e-19
1.120923	1.546981253926498e-19	1.546981253926498e-19
1.127736	1.7388241716746406e-19	1.7388241716746406e-19
1.134589	1.9401856869897788e-19	1.9401856869897788e-19
1.140419	1.998818150808122e-19	1.998818150808122e-19
1.146279	1.9031494949162563e-19	1.9031494949162563e-19
1.152169	1.735682574666232e-19	1.735682574666232e-19
1.158089	1.5897542262878247e-19	1.5897542262878247e-19
1.16404	1.5038610308136851e-19	1.5038610308136851e-19
1.170021	1.4862716777224816e-19	1.4862716777224816e-19
1.176033	1.539105259558293e-19	1.539105259558293e-19
1.182076	1.6639857271022488e-19	1.6639857271022488e-19
1.18815	1.8498991864423315e-19	1.8498991864423315e-19
1.194255	2.0369230471473389e-19	2.0369230471473389e-19
1.200392	2.101637218931945e-19	2.101637218931945e-19
1.20656	1.9891723153110696e-19	1.9891723153110696e-19
1.21276	1.802132902979134e-19	1.802132902979134e-19
1.218991	1.6482204039508795e-19	1.6482204039508795e-19
1.225255	1.5669096974618544e-19	1.5669096974618544e-19
1.23155	1.5654237445496985e-19	1.5654237445496985e-19
1.237879	1.6462543849599918e-19	1.6462543849599918e-19
1.244239	1.809521069233514e-19	1.809521069233514e-19
1.250633	2.0278184090297631e-19	2.0278184090297631e-19
1.257059	2.1942660504141245e-19	2.1942660504141245e-19
1.263518	2.1680786424850924e-19	2.1680786424850924e-19
1.270011	1.9826107787460452e-19	1.9826107787460452e-19
1.276536	1.788780031194445e-19	1.788780031194445e-19
1.283095	1.6677333419944568e-19	1.6677333419944568e-19
1.289688	1.6376748761582684e-19	1.6376748761582684e-19
1.296316	1.7018441468007583e-19	1.7018441468007583e-19
1.302976	1.8618668051179172e-19	1.8618668051179172e-19
1.309671	2.0949220749230745e-19	2.0949220749230745e-19
1.316401	2.289648990566021e-19	2.289648990566021e-19
1.323165	2.273855866144554e-19	2.273855866144554e-19
1.329055	2.1023725882916187e-19	2.1023725882916187e-19
1.33497	1.9099738218101316e-19	1.9099738218101316e-19
1.340912	1.7723061247989864e-19	1.7723061247989864e-19
1.346881	1.711015926284732e-19	1.711015926284732e-19
1.352876	1.7296736686438863e-19	1.7296736686438863e-19
1.358898	1.8305175497656395e-19	1.8305175497656395e-19
1.364946	2.0115714006716242e-19	2.0115714006716242e-19
1.371022	2.2396438332913566e-19	2.2396438332913566e-19
1.377124	2.4054357193656206e-19	2.4054357193656206e-19
1.383254	2.3774452675088024e-19	2.3774452675088024e-19
1.389411	2.187907904825978e-19	2.187907904825978e-19
1.395595	1.9808437596135644e-19	1.9808437596135644e-19
1.401807	1.8404965362640592e-19	1.8404965362640592e-19
1.408046	1.7885032848725774e-19	1.7885032848725774e-19
1.414314	1.828246290848145e-19	1.828246290848145e-19
1.420609	1.962052369331665e-19	1.962052369331665e-19
1.426932	2.181267521419599e-19	2.181267521419599e-19
1.433283	2.4212416236303227e-19	2.4212416236303227e-19
1.439663	2.5240446707615935e-19	2.5240446707615935e-19
1.446071	2.3956692175674006e-19	2.3956692175674006e-19
1.452507	2.1619657721619924e-19	2.1619657721619924e-19
1.458973	1.9694940974778272e-19	1.9694940974778272e-19
1.465467	1.8710630668152263e-19	1.8710630668152263e-19
1.471989	1.8753975578527343e-19	1.8753975578527343e-19
1.478541	1.9852925477117976e-19	1.9852925477117976e-19
1.485122	2.1984126091341455e-19	2.1984126091341455e-19
1.491733	2.4663442582088983e-19	2.4663442582088983e-19
1.498372	2.6283472944038425e-19	2.6283472944038425e-19
1.505042	2.531683333278473e-19	2.531683333278473e-19
1.511741	2.2832959729303603e-19	2.2832959729303603e-19
1.517676	2.0870917564879605e-19	2.0870917564879605e-19
1.523635	1.9697457957817806e-19	1.9697457957817806e-19
1.529617	1.9420684848892432e-19	1.9420684848892432e-19
1.535622	2.0062094855722322e-19	2.0062094855722322e-19
1.541651	2.163750563258159e-19	2.163750563258159e-19
1.547704	2.400856409700505e-19	2.400856409700505e-19
1.55378	2.642914584317851e-19	2.642914584317851e-19
1.55988	2.733051316752029e-19	2.733051316752029e-19
1.566005	2.593846275321651e-19	2.593846275321651e-19
1.572153	2.3511286651308557e-19	2.3511286651308557e-19
1.578325	2.146005009313818e-19	2.146005009313818e-19
1.584522	2.0321861381280999e-19	2.0321861381280999e-19
1.590743	2.0193647515988786e-19	2.0193647515988786e-19
1.596989	2.109916586028936e-19	2.109916586028936e-19
1.603258	2.304278303504158e-19	2.304278303504158e-19
1.609553	2.5746584239467576e-19	2.5746584239467576e-19
1.615872	2.8034319146360593e-19	2.8034319146360593e-19
1.622216	2.809096206967643e-19	2.809096206967643e-19
1.628585	2.592609303385298e-19	2.592609303385298e-19
1.634979	2.336420017890619e-19	2.336420017890619e-19
1.641398	2.1595114030724637e-19	2.1595114030724637e-19
1.647843	2.0928062499906678e-19	2.0928062499906678e-19
1.654312	2.1405506300949765e-19	2.1405506300949765e-19
1.660807	2.3051803617070835e-19	2.3051803617070835e-19
1.667328	2.573218704269033e-19	2.573218704269033e-19
1.673874	2.852763660032145e-19	2.852763660032145e-19
1.680446	2.938007743352628e-19	2.938007743352628e-19
1.687043	2.7473580036100137e-19	2.7473580036100137e-19
1.693667	2.4655954656025797e-19	2.4655954656025797e-19
1.700316	2.256065823507816e-19	2.256065823507816e-19
1.706288	2.1703892508027217e-19	2.1703892508027217e-19
1.71228	2.186048489855612e-19	2.186048489855612e-19
1.718294	2.3052577946945545e-19	2.3052577946945545e-19
1.724328	2.525797200885297e-19	2.525797200885297e-19
1.730384	2.80947156953047e-19	2.80947156953047e-19
1.736462	3.025936879711803e-19	3.025936879711803e-19
1.74256	3.006510685163118e-19	3.006510685163118e-19
1.74868	2.7752640414922685e-19	2.7752640414922685e-19
1.754821	2.5104249640250154e-19	2.5104249640250154e-19
1.760984	2.32409111267179e-19	2.32409111267179e-19
1.767169	2.2464742375553744e-19	2.2464742375553744e-19
1.773375	2.2817536019474144e-19	2.2817536019474144e-19
1.779603	2.4323032294514597e-19	2.4323032294514597e-19
1.785853	2.6905752173094883e-19	2.6905752173094883e-19
1.792125	2.991055917230569e-19	2.991055917230569e-19
1.798419	3.154552662422994e-19	3.154552662422994e-19
1.804735	3.0352938902188696e-19	3.0352938902188696e-19
1.811074	2.751782331508072e-19	2.751782331508072e-19
1.817434	2.49532322555616e-19	2.49532322555616e-19
1.823817	2.3469873242094855e-19	2.3469873242094855e-19
1.830222	2.3218459251207864e-19	2.3218459251207864e-19
1.83665	2.4225787912883246e-19	2.4225787912883246e-19
1.8431	2.64953816730388e-19	2.64953816730388e-19
1.849573	2.967804491539158e-19	2.967804491539158e-19
1.856069	3.228098279173049e-19	3.228098279173049e-19
1.862588	3.2102214876858577e-19	3.2102214876858577e-19
1.869129	2.939598952238213e-19	2.939598952238213e-19
1.875693	2.6438057795534073e-19	2.6438057795534073e-19
1.882281	2.4531826267116766e-19	2.4531826267116766e-19
1.888892	2.3970444301264004e-19	2.3970444301264004e-19
1.894893	2.465273615645939e-19	2.465273615645939e-19
1.900913	2.64839489125017e-19	2.64839489125017e-19
1.906952	2.932066847805486e-19	2.932066847805486e-19
1.91301	3.233449628492765e-19	3.233449628492765e-19
1.919088	3.36571745694733e-19	3.36571745694733e-19
1.925184	3.214958086818551e-19	3.214958086818551e-19
1.931301	2.918855340711492e-19	2.918855340711492e-19
1.937437	2.6571245736698158e-19	2.6571245736698158e-19
1.943592	2.503538795385444e-19	2.503538795385444e-19
1.949766	2.4720497567807976e-19	2.4720497567807976e-19
1.955961	2.565016081820931e-19	2.565016081820931e-19
1.962176	2.7834972606417275e-19	2.7834972606417275e-19
1.968409	3.101785775968418e-19	3.101785775968418e-19
1.974663	3.3981920928634976e-19	3.3981920928634976e-19
1.980937	3.453634607192834e-19	3.453634607192834e-19
1.987231	3.2206270352215578e-19	3.2206270352215578e-19
1.993544	2.9032155448743384e-19	2.9032155448743384e-19
1.999877	2.6650116322447825e-19	2.6650116322447825e-19
2.00623	2.5552158421550225e-19	2.5552158421550225e-19
2.012605	2.5805479069375947e-19	2.5805479069375947e-19
2.018999	2.743581054024102e-19	2.743581054024102e-19
2.025413	3.0368427684027374e-19	3.0368427684027374e-19
2.031847	3.3856547372701785e-19	3.3856547372701785e-19
2.038303	3.5754020053694662e-19	3.5754020053694662e-19
2.044779	3.429739858939742e-19	3.429739858939742e-19
2.051274	3.09727638418014e-19	3.09727638418014e-19
2.057791	2.8059041323609044e-19	2.8059041323609044e-19
2.06433	2.6460816313938617e-19	2.6460816313938617e-19
2.070888	2.6328590923177036e-19	2.6328590923177036e-19
2.077467	2.76908911015879e-19	2.76908911015879e-19